1196212401416454043
1473106570877900275
1504195901861276728
1115134828821895868
1511457416277176919
973894792519419638
781647323887383793
1128800150503045904
1547886442405039740
1428138449819130357
827543532374569968
1512116129942442673
41087431
1333952279321307919
1330492047306910734
1094827558391056867
1444849792166227727
973015411664375928
4147697
1119605950951811494
1197768498048170062
1516668193994341961
1254400853023759779
1122377455515869382
968936093509477926
887656854193897412
1397003099444444264
1240503988478700793
1489064852577373181
578710194809638699
34425277
1309200927250237943
1490404367629186072
1141953645013939272
1529231816790168372
1366480035101861550
1482880276212726659
1379683381723824596
742780916536396014
1427444974883835552
1293398230245775215
1371850780740994925
1442015566934939352
1122577155976829363
1503606680400374413
1359484764473803133
1529495209526842983
1478298575446567301
1542154489557688334
1378712901750674114
1360223398461920792
1247780885048524875
1073799077876167733
52819607
1497959974759275050
1371985022342611248
1533097604861751937
1489802454040448736
1401686604490547202
1517173690846938423
1360798952060130918
892032903377176867
1510185119725204048
1284080980606084684
1461015326962108790
1380669891886902926
1110136956530909121
1415063054244465747
700291964432379527
1415186089103735687
1544307986785935576
1454242422246594601
1080880962021935769
1221597022241111377
1490958326631911544
1482014175291855038
1502930875183300329
1224577497566462920
1167487283454486220
1081540532768302522
1116727164558964459
1424392418194196172
1541754011962052847
913418358329551728
967990889262293808
1299936504917639363
1478084852269041150
705656014123984763
1533515749619517734
1184013560600243085
1537587765908189191
1444303478714690099
1436088296939602188
1421709314506827604
1178147627090318328
1069928335049882217
1395554964802225118
1097697142044659920
1533521789039690913
1349848528451578737
580282528735206552
1338226956455146522
1454739748344623905
1388040084849907352
1541403515332544252
1496460819148515849
1050206899455003799
912020723332764682
1166546370950308999
1495667908252446231
1288474656929444712
1429449745827997866
1281955095429365526
1543616998708263075
1445614247360294859
1538964060485190054
1466143362756070832
47437952
1462175129143901223
1376091502005515011
1482275733358478927
1473674584871488441
913406957351559029
1338969759784135981
1512188364105462340
960637322160359301
605496949656383224
1523651068554419188
1541522298417226905
1261085431638517385
1283497961857659140
1419276878710238969
669994896475083745
1438350596117365712
1488647105298569841
1491022255849142230
1272576361766277434
1492614009962032194
679959052220238770
864111828141995075
670760042633827936
920734023945981946
1399867881535381198
922482479547438479
1552813380883709505
910158622227272515
1371150892957655903
965657575273217237
1052054001966315166
1487880052432934549
1555737517309173745
1252917325873599644
31458021
1142437332632622178
1505808392673890508
1354175475859405698
1491012188103467787
1527522756065072445
1395394261701012602
1441141689682327565
1452141643479683292
1489545379850351287
1473091075780363858
1486863882986471120
1322456442116192995
1447771519123375215
1534667966797015262
1192724296808474980
770984246636133836
1152254230105200144
1077257613341858637
1349185933978840339
1307118572740772354
1420251027738495661
1526844209545186360
1354877655895882544
1095547396553402053
1035125040661493930
734022393190062260
1470900538569326983
1359979603387017583
1512162060184115511
1523988589773185664
850428886783119847
892024837070710888
958346480177054462
47970163
1536894212689157469
1520394024734090972
1371419658578082769
1370768274804135068
22169296
965797434603397738
1261712675257251617
1135390188586605235
1400598904464446850
1178106337326046343
1433924610046825169
1393547686588170711
1427463665343346409
35667388
1281892370833304895
1185902441497781727
815638900200480061
1517319690566039885
757767304593228042
1229486214664759143
1251662083154697077
1446477367631068302
1199331515535097505
1463035504097229623
741056120414468874
1132264670675668263
1291276182044721050
1368745324101586054
1385203435680160246
1428288167700839197
1370389595735958442
1494914567677617870
53657653
984667595295536983
1449783949459619840
1525919112581712817
712111722682736117
1407114548068517876
1436941423844415458
1481018168099507518
1063749409925356038
861442583043463801
1457437691427251966
1534010447626439662
1487388362202473756
1143876909254663799
1133072328669259079
1544274053419692885
912044240810832361
1491267661313541198
1262094446536130724
582333870079833752
1502863446506532764
1530281967682985578
1003455866213074213
1528067880698498976
1425820467215313723
1508042943431165170
555353623404128303
1202784087328735136
740371581247884730
1500200668757007914
1528757874060929235
1521639228697659148
624637094773090059
1242416314813495413
1419543574509218089
1477698929765930023
1295419105274043712
1536750143704228591
1163696809725240685
1321512136094125698
851859966156374423
817092847736827308
1540800336085433240
986671505568282888
1238591428267963263
1553313086469695239
1325308834972765286
1492182197358496092
1047071365051942370
1232404504248861967
50655905
768558178766971454
1427677921994941392
1529061506839678419
1228787494208701962
1508457279531535729
1378924642722572545
1535713732204337438
1362915189225324538
1367372856465606150
1425899320773936714
1515581225491498605
1538295141324544975
1421621126833709112
1276023739908840844
1392217589284605447
49677870
1494281748527201253
1531095598170117589
1273108873611720037
1370786474997872774
957790390170586659
1465978243964714627
1349876577086524020
1434619048415414938
1375924553074746793
1551172907992113897
1313437891803389452
952561043241736042
1354945476000971833
1338913509876707395
46152725
1259280899567615493
1096267786681731485
1330359073086812045
1472367795588930900
1377436172231894478
1537875389973578806
1410619929776786459
1387439318990002843
1479630152451726482
609045744330227041
1327935368003403222
1472270808876016909
1547622770111006096
1348263312777890491
1497707465791118141
1525442111732542545
1310037250435426145
1421150704670129178
1251394210796789525
1414257566339489641
1269303613994223909
1512314802872363016
1416780240003098656
1425135663151806051
1449332837101688222
1318406271230300106
578635727150595953
1411521252496953973
952569480469355645
1481760398705158559
1535352231191513413
1523921255145856448
1491697627908997246
1088154875078278117
894060882568214615
1094755973057388738
1333330533586329433
1487699628160982970
1520277358233730396
1537716874751614249
1491040382072776919
1339205876744803311
966575321249693494
1484592481967823472
1412876329324464949
1531773580860236468
1291155030941924083
1378823092141063610
1538967764408360533
1490484247704252138
1380303352236183970
1366431360146842337
703500949670167959
1277473326454129159
827614482045352320
1428209109636615009
1524537743887711982
1107827383181434109
959955635155219871
53386970
959978804666704275
1505157858960539085
1307859418380285497
1257593978986114603
1487566486067992721
31525645
1414331280662142957
1483011949818259184
1533303709488106777
882099228573346105
912042251346523851
1538145612145497981
1167469565848396099
1536794107583381159
1435533443821703472
532208641217520228
1281969965090672591
959946703880652063
1091926142399600479
1486311911584281330
1475885686684056390
1446943763479405239
1443425885429583684
1538413308807557375
1192361567030337303
1353512985471211520
1543972709206336737
52327262
1106095716403551996
1354094650375825711
1520875154224510012
1515894645632509615
585103317109913762
52016479
1497847986656566891
1545780388639918533
1521037837670115334
1124120863573179032
1284110835716796937
975039836799098987
878090405705580110
1310904412289778097
1161284468152217015
1440763703024352946
1516436383416941669
1545469177069920186
1497258293757102660
1097791590643666682
1288217751362375052
1414662580132273301
1141184295955097138
53331146
1332822704881369250
1531154882891090613
1166030690628808944
1542949256906978005
1429715521615151802
1292003356907862979
1334623996023548570
1483110908442029492
1299281838602661940
1426656184015511229
1501498737373431144
578746923605499690
1261506924921055541
1086682220610383298
1167893325146018718
1360798838035529644
1381458650855381484
1520214609891718523
1311035786864485507
587244459452080659
1531214571986503929
1345505980653421356
1496163392515862615
1013509868702232526
1333276902128975050
840895107937461423
1528985527704490795
1452426124898944488
1285514613166523851
1445764798033558484
1399900272353300655
1232599046376874003
1376590246554053712
1154324924809984120
578708929480543579
1342497141206176758
627140720468122471
1513676375978561401
1518119309647258396
1537801866255062230
1414370760784728977
1517247274392675611
1421856502562120732
1539627831712372066
1384127453993920930
1538429246792318150
996309028646523668
1447572073806867083
1357063737753253403
1515896157331419422
1025056685115774585
1356377331009130846
1207248883739155319
1546380556621121793
1100660295397394654
1011434710786687184
1402808377053174101
1477265150006682115
1294815096094289237
1003484174905781451
1291873358558274616
1107138703727200849
1449332710185220820
1517950346928183150
1344796600196234964
1299891856762608494
1083940442065827588
953486142669778385
1083241627543970960
1244808414776550323
1317144725342879422
913406784714131884
1452865730521687433
1054906307263084483
1069433856776305248
21744679
1181070396915424467
1267902545302829752
1106982674647118987
1436141854033532524
939003319543567962
1269719801458603982
1480954483931089651
1134088511480775062
49559179
52248567
1238951436838931091
1370199316675571996
1328137499362859539
1432963992232925577
1135969285759529147
1166603669178348896
1415064611503689750
1081078599831612530
1371658706507086738
1404332492242871902
1318799166531069757
1221602065602955946
1541431352667594079
1497781478300762898
1419681726035688274
1338914524329083554
1290507647622679694
1274733853916849163
1110712629429945096
1257865512538616197
1371178883108082162
1546238738932012561
1399809763982860891
1293921708885124225
1543381376991314656
891698741940712334
1507535309144380425
1379558493400109636
1467629895251785962
1003475068771479801
1106271734166567033
1425118139372980115
1090508755013821140
1299063527833559674
1309826194888427073
1484609085507563107
1358591735566600830
878686713753390945
1537532286942961699
1542026454809740946
1145582009865484543
563473779594016870
1475940660482442811
1417268821904180219
929072159707482325
752631574977571028
1272277769074729547
1323639934965924782
710129733617627006
1477598299547253084
1381916469272921945
1474437977456980373
1388262471535851150
1313804052699857733
1247949431572219211
1379309769712949398
1343410171723527191
1228801294851660292
49221112
1529081558068338718
1491092327390568723
768525068986973364
1386922626544221451
1179001704385669244
822879500222082025
1375403983042935177
933191336225578500
1249834084845464459
1163552735952296106
1170978098158618318
1547849586243122977
1204087278284313125
1175946525412678036
1241863928686402359
583749031934158612
1167233654317457691
786027864756524766
880130226397652842
1529556678488022620
1194985394868063345
1477388226889893075
4933582
1105558431559655054
1498278499398731436
53615631
1502007274776898241
1409538417786561642
1484069009857666654
1485421863903345297
44654499
1221616652938104223
1396920339431921574
1493203135747014649
1310900891292979752
762209092515674230
1554277621351118481
1475330141403394233
975004173093645146
567834228842195136
1228670981659251201
1239611923268311384
1371819269674734985
1273920083136071729
1412254370288454621
1441340407321839641
1146859133635723851
1213824223900904808
1548461151234692685
869320312760042247
50655797
1377414670106139977
1503572704520715129
1497832531198311545
1274791283197172870
1520612895921273054
760041991665421452
1475350604406554428
1104727225939261193
53981017
1309979029203525131
1487889694982260864
49279407
1498214912239609509
1015872149897844027
914202557669947572
1153939844394232412
1421478036924319082
1433380881375383688
1337655326364358215
1510236397495896858
1145714812572751094
1379633650284967591
578738721734239771
1210057302721657777
1024427796368179960
1457167723146360702
1533965733039182189
1409281440011007604
1524844494110614560
1238453489335461779
1162113698088479118
891939791865606846
1215289216149616265
1321856024841834629
10267596
52358804
1437038702130167168
1373856728299937381
1285570014259088556
1370269646484510851
1292234774649496566
1551410899708658608
762025861741225002
1494093388777176205
977122699136572820
1471689211600751724
1396362379656506289
1510720552364511989
1244786856628523011
1455001292687637221
857412722699886660
1455842089795031282
1421694453754277744
1517945335232952451
1354885451321724557
1319465347124868942
1478822745965208404
1233956437500363060
1288220079488591666
33729397
1549445879488609497
4697941
1212057955229679082
1308798091964238202
1380264546338574203
1412960989726703292
1326698234603725092
1506442801795794174
1149076597652577335
1277432951355412558
1337489690084852182
1091156591703550804
1260070482371537988
1081810989624154083
973865594935645574
1344820416118948175
1553523836706481958
1501261297681674016
1487889115017490274
1111629113356655022
1453458174640527992
1306448701959139710
1436434350554540937
1395085283140020449
1275951674747868973
1482385969122143382
1027562868099088767
909055342219226757
986045292954711051
1489734283346448092
1457140579330461619
1268142148301620070
1010717697809110217
1448575939377332661
1507250664770580436
1193438719752636260
51951506
1435491225981722408
1273682220318216668
1024287362429998361
1517449423903003406
1211445792561228151
1278350524483047522
1532411727521891171
1542888751552306562
791786542657418323
986284695508768764
1070645281911585075
1204768641185663319
1487522693343941383
1195402201718103036
1533499199329446017
1522337048936700111
1548365148230366456
1243425485295974188
1487825693040697358
1517352202568615739
1151074781203109593
1546275401359901232
50983175
1475961643175152224
1530980043455663056
1369473677333675411
1304948317902922945
669996616641085527
583750681568573318
1269970930642748565
1060787978965470437
1463545213631662569
1439645727435418854
1429433454439660559
1525420413619961173
53980743
1154883570104669787
1146773560271958418
1517309242276113951
1236763757984269443
1279845713664803383
49386339
1552882330853062975
1184863206273380578
1506501809334096029
732404156667953788
1504943801230545807
1163237421547425166
1147606439149784212
42422470
1089152147660139791
1315685044448383475
1468429384265008550
1170761371936477635
1013666318207083700
1480522421769451956
1338943313577337066
1548373754668609654
52511532
1179506257368959335
53150835
1343943030609292968
1526181456305175297
1452325374426333330
1109524301755740547
1458593632489091211
1090207147543938827
1337016073127382200
1433150432911078168
1487685243429466347
1199090400417618762
1171477531436359981
1307784539942453539
1091170035883124302
1281874902391315377
1524060421606763185
1384284748786342009
1342629706482859819
1488240318814760831
1459942047654602561
905680471961792033
1535382239844231618
1542860451188514087
1430289300497616935
982048447736983266
1167365329757484761
1081286014957928126
1528872034880034157
1167364333415955206
1310003832236406851
1491052832143928459
1507932979521719981
1272857174290638888
1347956787259411530
1344804114300663416
1373197856026536183
1302715525783057675
954212435808940444
1166511454523950015
1489409802805807786
1533284609823617856
1326802812560782744
1486215034750166399
1223640922241020570
1006952141935680467
1415769743839894966
1487592186664295484
1463719914806915076
1541043001218060658
31525371
1199336226106660602
1328979310542918985
1377409629881154264
53699677
913420831588449226
1432099693847455348
1523376849419541143
1384623405661935182
1442214050847503069
1455560234165045315
1516951023303455074
1191875495353468187
1380448286374049407
46668279
1326026520335451782
1291258716483994821
1272165235394920645
49102459
1407608879683105765
1407121709502503564
1429792608012573378
1289670126215531365
1490362132642031522
1534649586146105692
1426669391167110549
1431726317048235450
1425317953289595551
1401930170563102940
1080384316714496004
1552785220828060853
1497255938289410286
861419324740453861
1486919874761627564
1379560675504935485
1461532639358745427
976534618630846239
35047467
1418825481883251634
1503950959761452693
1525148883480566694
879487786771864983
1428998909650976251
1093951363587433647
1538206525540477735
1548601258621604706
1486337913469683636
1502065985218002681
1491522983905536561
1481087933218304819
1454183576266964293
1044642463456046856
959966981745989048
952014976801826460
1268113960374086168
1541465196688354975
1212261944519094359
1396288791848122868
727271970755075255
1477693478374275844
1084668447339178676
1308150111246686024
1346911365436473447
891909583555872488
1458529658928610125
1539688955433476626
1517375404256763981
1257970126126807478
1273915684645769181
1451448977483867556
1525455139842649709
1447836173913461898
1239701705164718247
1249929191153524255
1046173485901521408
1441362557253888091
1470527613152993130
1333276041933160791
1372589702768307790
1015274987678907858
622824829036523083
1494872853569072458
892496451024467694
1424498544035458936
1402853879391352950
1174435535602779300
1070692995390278283
1216586337968209161
580163241499104622
1402715394732257019
1319745249523679431
727370658700340763
1506995103739234894
1412444998811570281
1024268517729078056
845007689769910930
961742050676224682
1460019486403595068
1396425598177740099
1434678539212111677
1527328615842347706
1412874315644976759
1186173643749755551
974483496970866002
1269495764873965508
1532453115832453468
1238931546060806374
1482293355339913292
1151270555480956894
1493974173183520073
1296373234092693006
1267793860988217753
1462924775115472706
1096979576682130003
49913274
1465254986855648224
1202250707012295184
1547032920391533863
1289820147344602957
1462843506565468715
1003493243343051566
1104921027562891278
1539059915353968395
1423827488070160350
1033798207203238044
1239744460377392171
1315849009451886993
1385432169603493265
1220059902277079248
1177226610474490610
1481708142939868003
1228730017425029049
1512242319643433767
1341216252161476558
1494923820971853666
913427018200061720
1259921690724881460
1497021638041575344
1136173865220407299
1552160211489936073
1328527716187513980
1152079258359784990
1409189276629811736
1460076356350660284
1348254752694508826
1446457994153020931
1386902506409025169
1518156300281286394
1365261226787654112
1265442296439761772
1075923710709372466
1506497241285551102
1395590032120150199
1131680237730785986
913409619172119977
1415831367099762720
1338491898559106852
1257970361083432989
54346391
1454858878167453995
569980766848673121
1232681777949921956
1271699988509974468
1441295027211248905
1020591429460636084
1510680106346731172
1492669350544602627
913419746838824812
1359418078741307317
1127782586826482264
1365008327823946078
1450686398194711240
30383998
918110856537097216
1397808665197542489
1483622753104194139
961742622441272335
894138937760539786
757592468977497244
1512283165935010495
1380125283211321998
1483279169458252132
951437364138377215
1489200249410112071
892577467324993243
1534659613933279221
1366607313250218729
1155527525827090481
53387285
1379870761631626906
1045433571502534549
1258795447769848934
1220080790160856415
1394744717760478329
53224049
711552035895177039
30384290
1134049238719643021
1233929436145805538
39043246
1537831013908351561
1517906486613929625
933162869850449328
1185412387761659563
993376066484131604
1500748594239985132
1438989930027211396
1332424848206136020
1468189142947688268
1512244884618966124
53224251
1549286633987528095
1336443774143764186
914896217821126017
1542969013681739862
1462765627507821357
1385995275711268534
1370075286776593723
1295522563245279733
50656336
1220090380122886673
897482680462718967
1281830848133045480
1247027618005586505
1455102153977163376
1183850567090426775
52141943
1190316263664795597
1488264910003396777
1408944426979982810
967991938764597567
1442647645692044518
1070817151382965870
627321901744947096
1465838663695220517
1437584174983799782
1526779135539308318
1534025681455736122
1393306221526047358
1510684546856914610
827605975909384406
1553797570678862464
1401771203966633839
1448376021428296146
1186293664302776260
47461955
1552023706378674890
1249131137296637951
1487959070009910354
1410569604307656139
961741448901230175
1215011973683317477
1505728903863771746
1097690090300765551
1170754854378348561
1522726194131073998
578751047101924075
1451583272659497069
1539073635212658424
50357662
1550853006024177767
1483589896390636605
1254157995906870989
1081137001975789954
1550853797722669956
1451944161683647288
957813041741592181
16756641
993468518221619005
958395345556077210
1109075981678271259
1436966678267052397
1092018300976962458
1233763265399656216
1354487966973416541
1418189189777053961
1380472126826793840
1154739005156890129
720159794478812178
22578251
1067297469419639229
1487815624515097299
1291319492808878025
1292606551493620537
1487784542018115036
1136397768745076026
997712724428185650
1162728279892898072
799385014078235775
1343262237960200455
1319521303302234747
1504338837939040705
995513022922290042
1421649134344791930
1371614220149459052
737488935569456261
1382706452149967469
1490698295288976662
1526625795990180430
1175273321476254591
1271678228550718614
1147602447241764219
1467708277118513914
1365729741701399792
1529112281275310246
1204160944349069639
1500760012576613787
760563528900943471
1363808976510353472
1528125766709351291
1426685621151457067
1516553355693186106
1003447828044993471
1136688992188066037
1419317664504692394
1498266186647195194
578741528593333799
1465067820608341918
734566483537090078
1545989591990351707
1515758728487549306
1116083772160264268
1461555401194919465
53984463
1268683209648963936
1301976731034045371
1394745870210035228
750458837975739181
1023192593976484823
1552052922070797485
1003480372020266044
1368750419597646796
1544763908751508135
1497045032585162916
1478031472379280507
1484029728666769594
1471281148951616331
1275313508113973275
798940151837072653
1534533479184926055
750479328031932713
1308458655813953918
1004648912374395576
1375900734571746269
1518144693356704984
1517199198943689818
1309887965094679092
1522552311331682616
1420255525962684052
1500152170886544144
1031682042268045375
911686773895779242
1462287653274335367
785515837301500294
1144645162077370974
1359341602150479582
879050597595062537
1387600716241638258
1176620143388080713
1483400469205197666
976519580831900664
912043746139566505
1150759510271700298
1333096653791208202
1491792836773903865
846803337062677628
1497636166238309669
1460084412692164347
1545578511603722181
604692767041251113
612917634281641646
673644980526049313
1411552886890633216
1024600062864163767
1421502906487050875
965773042879769281
706939809959808259
1406363169061994035
661036732451361827
1447049796851163849
1518577202519484749
1344239834869324576
1051995467329821762
1526936996028962634
1014195793049996996
1292812461131621986
1263787885238278010
1375279298690504527
1087222158638949350
1353349220642285356
566486984983252480
1042740435783132709
1508414006698730708
1412878852397798200
1181760233983969720
1538901782560547424
1150563489859955581
1069387530939448078
1483598265488128796
1518113762535706493
1222266943718889050
1427544176426966608
1369522605219615135
1049885715839976464
1250007600918367799
1524033895447367819
1513736005487567987
1437907492916129202
826563228201216410
1506443693105418458
1483227445753241088
1457899289324685000
955565664231800345
1046193602880906987
984020623430574529
1251971187734958858
1552426341057002018
1157178731564920135
1505649998046379765
1529731310312085418
578620220689145924
1329684247845586790
1288110255799333860
1246947693875082168
1420779190760424715
1476055133005404481
1520215868223848824
1241060046807413897
1518110749347196551
1014245927209790109
1410238610773521365
1252667264919199178
1116389303364794916
1179051450839750611
1357354107818524549
1266590828820743633
898617174003011768
1441327820122554690
1232503358712279916
1536847123529697738
1355130575395339054
1472551721112958428
1475827768333516598
1383440392178513245
1482503598315487141
1314287393173200354
1324620114537884298
1483613146333065655
1038346997985585582
1441762319680986003
1490032901897060389
1436346220476150759
1102150173466159136
1288110813601942677
1336152904641301527
50786700
1244889531224356571
1498587805880960718
1539046830251013357
1481780811200417416
1487917800800277637
737480009521166189
1292864786985829393
1487501558785976461
1417720021286384741
1402011011787097834
1322226443365689736
894962683960830736
1531168060734148418
1269288128358690074
1254244570519310011
1135441512830525131
928626729823860785
1487872002539854963
1441186221426914787
1462205967067115453
50760984
1478917530463191270
1304346005321189847
1460205300617073648
47128513
1261704935484275401
1150099450444381647
1460892784092791790
1429603158148946924
1115406742013431531
1193219430623168388
1515882345705093206
1379653318992905907
1334916153809220308
1343297009334994857
1461523187882191685
1553112999575658894
1501294862518508897
960950906785867331
1468724657443367733
765024969340821854
1227997067008441760
750440206354331710
1517312111687676626
772262148877675699
959939729941846986
760594784555928495
1432453967189830816
1266447025363777437
1465722869011086323
1508640295582861722
1433150664421338336
1321852422570681357
1421638965188969876
1525998888127550124
1527511166130369862
1386431872834352230
1020132510193695536
1433118228374559123
1405768634360102081
1053665319252392879
1462809637533816103
1412121357979469953
1087466220841330774
1276021190294712318
1511507513447178357
3122859
897476807449742237
1553537181873362638
1478488739505478185
1145764192433143910
1105589539476741900
1330945869010081148
1298534869893084879
1014853566668232704
1482364812296029368
709759931824710391
1503603528834024192
583760510266037510
1184781154463132449
1308354599805267340
1458645928581990417
1280871259428691161
1064921628822116214
1194682184760807829
1376158761440883783
1290533044925520854
1272960987588528806
1528146779971368748
1208620446423550241
1497869169270012538
868547018014110812
583790606358906300
1308578467347815653
1222948763548581306
941855635512261117
1295576066602225740
1538332322811313676
632425774451738730
578745534158359880
1323060610273929433
47282919
1354861132896037762
1088995992704424078
1553448886759127444
998239232685953791
1292204700372434893
1497849735622669683
1085986691586268643
1525382288304677349
1487874018756329834
1244649754822347410
50170680
1275588529963831372
16463949
653988180326693044
1266138091574855183
1234659524644585378
1379838675585353228
1183797783221308879
1541269172675042392
52327205
913406464657663838
1339739081893271932
1343259633177819687
1034429513319511220
1491280304354655506
1401284721666419052
1501225709340785445
1296597193768036168
1245760814085675510
1219470760549335369
1397104420384911976
1536005049284563721
1394916315152324818
16431114
1446860537443569320
1444019263210566319
1118141685578422443
895035671167708745
1494766864000275203
913418487427182000
1546502695299075747
900988788354317774
1494392125659235186
1422180647508000357
766335658678339079
1498963749254858504
1428966641188951988
1410051084739456424
1457603582984070163
1406395128836700614
1093887700598081263
1485335662201817740
1271467258008447364
649598403028242846
1510716027738437100
1504069040677799276
46423008
1490438854286323274
1015606029474510030
11560693
1409328802664903418
638064929784250732
1183369516421873431
1112397987920208051
1532809078301379671
1533172564291979833
1280355951370245318
615091687108527312
1358822549186012355
1435220650058755526
913407502168368881
1167604814607824147
1451667212515501182
913409628367314110
1238296274147806828
1533298191555665431
1441159311279879801
798957008380192903
1554328727112372360
1544105640476271760
950377251274159597
1333277701764750171
1454141571694112300
1466832916271359405
1361589645870002765
45509267
1517585277719171158
1378405790961157528
1546903978755329156
1176916694955288120
1477420943935800799
1146934463535963412
1486185552699451664
646108040897949668
1190301331332318894
52981858
1520978251017544689
1492340419935794219
1517509643331139227
913428507371378328
1158634021092626954
1424610147954822587
1478155010053742178
1187592739246936580
52081690
1203354090805260944
1322175176851302300
1224070052438361294
981129081023996174
24907651
1467831434788983209
1239890513459807835
1365720593688107308
53070475
1350811500291387741
1501213751383252093
1116394096461686950
1360238141013045667
1045657776659741933
1433150185593720033
1465817457032430558
1390943465083922068
1206239552217274472
1494970957401776310
1298820382697979675
1151262016756703012
1483147482853736459
1360841720843504209
1186230409515642221
955698687495614086
1440732376643566714
1538582170500205632
1496293686760904097
1396253306095801776
1386401636429472711
1165091641462696901
1404082487654512875
582341692381530570
1342562483407314682
1495423772457167493
1503501130549200653
52873384
907585152359107383
1331067377653260888
792066603049767620
1536727959457818629
1425272701818912247
1180905241566104667
1426021118703438299
1520934882080508359
945515410375756061
1512469858738992721
1538285637173588807
1214355239927917931
1474718635839928975
1304988149274607327
1405601554175889856
1345423024172664877
1021490034383387048
1497630249203386739
1554502267232494979
1445089193989332738
1520493224869237160
1511607414990090852
1413602107435178336
1466490897384152580
1409979249811216651
996126623210865768
1363899113354336197
1051589576963427321
883672960004665801
1476614671026677043
1052083987203784203
1440591366439022299
1543350908720241844
1516053223938270355
674922615129152021
1402558495205300416
1547904965328128812
1486074002047985178
1310897870934779210
1298612098652228629
1231114387676833005
1480323909701508999
1487775562104937552
1520864031576611839
1165941030849247777
1495497521761523263
1015867493081105392
1420241420918990783
1663162
51396317
1457898942213104490
1504423068287113310
1065786926582310337
817859506301417149
1394747881683766912
54382507
52734392
1513714587419490002
53748211
1551288401658897814
1411458036689350762
578749547877355689
1367204064828426115
1196152169026989334
1441296503167083909
685216288066497686
1288930863162063161
1420181010028005011
1540334867339078707
52511617
1541391392051691999
1386974670649331089
913409608477738701
1315125191642037639
583701510328630003
1447626993268974296
1543612767614889828
1523659566139519416
1503605663105442658
1508532980600084625
1528901815601755465
1541445306684269577
1126206908133372623
1230379039453366841
920238055534741515
1056420268931678383
35981774
1504306725245886340
1554278395026066827
42417747
1554309165272570813
37398028
1047684105955860266
1257050581215641460
1142053623878422921
1529987308977065215
1527444885000981897
1457317909966493571
1065666677664425340
901103615758409086
1294928405805857413
1131546261578270936
1524612125875022216
1467914663490810248
1446861531025836625
1392482839409718628
1507410151688225315
1532444290361511499
1435389421946040214
1431763023667526909
1339206455672752972
1483348730278816109
1405699149296242417
1070720991592739579
1487490728705010843
31776197
1531437929233451528
1523383549998937303
1531858145463635879
1321450202303527798
1333209109202100266
1388413335646090626
1229001681671140352
1493428940002835230
1193918225201893196
49163087
1537670900301665316
1054769287949348226
1198422578344304450
1273365028509172812
1202174792962439900
1433128295377075972
1478380567094135131
1254400604983123080
1275574537495725388
1523776095379664960
988264002334154359
1106265958848281134
1154072542050400024
1455176565366060070
1434738773764180106
951976902401024368
1020049151199855034
1382419762975255265
1444861406164160424
1045003235734092490
1091799865020470572
1538273866364149352
1487818233314990446
1321012422889057164
1244134737107143894
1440605732477520351
1363512793913505583
1409979560746024036
1482285560687378491
1470868632110958560
1252795988683156830
1433149931017117621
896169126260757693
1424719588187881763
1510059661430157704
1461767058050532364
981502349020436654
1532069330796251726
1489094618292011335
835992341946274330
1252214815196136349
1394114824543948626
1126046061521098583
1080188747963628652
1526086908878280036
1528731805739803391
1499440558149707662
1501928244461177806
778020829847475210
1161341442267950392
1257865143705332031
1415814720339459478
1497211602111855081
1525444223606798221
1441816592329813657
965788214015100451
1515893131157506225
750498959658581307
1165951269335479131
1519702709009428311
1353550537506646098
1422425841851083034
1451933454993086846
1511341341865021991
1076545020543992323
1498421446828051464
1432524531306867236
913409614515526668
1447624419901138608
1415811717874268904
1496090968333073674
1546846370009760404
1510553270273462794
1417840219038771500
1536189194503897005
1177336482348918647
899133555932276124
1075768560123349704
9699245
750475422421097367
1385781278597352225
1433244553553756574
1446965863467255440
1320338614821385671
1248294915238141548
1323630196781600201
1049200376993421141
1288471380147539990
1234741671249901865
1395415284604563457
1299696963819528720
1194752162618044872
1550730697944550129
604014565495368551
1368648248120745374
1096386307759042888
878741128713624120
1264265767046141030
971520950504981548
1396222310180048156
1187437666558672166
1412440472394925658
837596050355483642
1236744839163133643
1479375137832193014
1429772717742595854
1501942369909070493
1514731837945198913
1412872809430972042
1475165721516415716
920764139315772132
1424539424118823103
1145561765200037322
1360878113291054189
987790329388469743
1450736086163505273
956191353572049475
1318035692968921754
1268527611114694804
1551602377248760497
1059818777887262660
1484791028901201380
1525872390429130230
1013630833478918554
1320901499709864936
1431159851015287359
1523813504627581182
1036681451240355509
558440780159581276
1266814435459545424
1165236135470653415
1037137058071078803
1481773598745950310
1384685851982710451
884088965776204106
1066007663954295778
1233652241766782262
782595973894521481
1360956221964878546
1539675734901445862
1112844621129354486
578707580860812634
932395389442090940
1208611618719496988
1323338241711463985
1006427858519933862
1490284154560608448
1375210455838483825
1187533121320352685
759988460296390042
1528909394023349350
1157832547482504930
40816754
53372473
1460243095215078701
1431393774345887703
578744125759159006
1394124633956706940
1137561868681835554
1100595784719000884
1541396837638221606
1150606883542942522
1178424593022891543
1163911579816952140
1525657895270404721
1371472409226760422
1550008697701848975
963038562992873695
1226107123887187831
1552858846414825771
1555026393327722801
945304090053508242
1076687569032579460
52206157
1024587782285594553
1409298119426080885
1407832513923914034
1306417203893992749
1245474661608072877
1440400452596366088
1522370664281193030
1420426773804483120
949827114994779619
1542472624024627820
1460076861937404271
1283092538677629889
1299800998010122918
1216569825111337612
1309921666930104141
1086882762364091263
1530242763665355705
1298464241164869841
1372543148951434094
1326020831903216192
1538365697063310998
1296964868909576230
46521658
1424394314922425015
1316818627798421880
1517178103558733012
1441516931499164650
1466522839781420285
1321784553085013120
1394096297545475268
965780257502197179
573499584459758184
1366820974976480364
1077381187332951874
1331824818922735293
1433835460007108328
626626531231071590
1283902367673005765
1339206270970407221
1463606617356349091
1363882113778266851
1283191295447765688
1545481586052649767
1352109888862871865
1462217474729679786
53424087
1491500545394213057
1252198205680966572
1189163708123976505
1412452063454427131
1193061491910383994
940339746189431017
861201084555060585
1302006482811405088
745993309889875136
1441599160162481918
1182288258808786880
1533852127563543020
1206162689451184192
1487919309739172680
47721452
1484710268149525986
1062134014952602617
4368625
1474504276026233228
1197059930086986252
1370251734018820201
965751575258042670
1345505495597835232
1487823769174269759
876675418751689899
1044154382654212870
1349822031131542005
897467225738023738
54186119
1081741287682419123
1473256417455886532
1399913783858385448
1289667474542484025
995672151876794964
1444829287273889865
952575093456219150
1391862529295165277
1231925214645638903
1455037761671369129
1547546894653907076
1515748360197528654
1485277590902879806
1251663142558463842
934461795662467948
1114868204248975445
1160837891366711260
1414982706860174860
1467144875784523061
1037522898413677840
925147029758337114
1362196781011383503
1368078731247465811
53044167
1439709770596703660
1297702280285977658
1117104519825874442
807935221692690601
1522697708723082924
1477041058117503792
1242214656677153527
1043548283495794044
1143404384805254432
1332470360002255377
1150588170361515211
1480471269095647646
1537450416956325053
1491996943285022100
1432118951692785427
1311429975540490355
951853560299496339
1320982778161434308
1002904298828968442
1472190122311867602
1288477178464734778
1278239145735024603
1085870196274118009
1284718945618243594
1546462482073311108
1451311360306420413
52447292
1199277210328729923
1347412760005583895
1481400354702549946
1277574556217448661
1214924496348554417
1262850562760090958
785128303427899329
1481774216811887975
1229402141561052266
1176965307096497483
1408051438262506634
1480298567579672794
1069482096273534655
1529024655623918746
1309886804330446676
1494272172564686412
715074775573521858
1335500767953717570
1531910980542042029
1455596067085956629
1273807146436494970
1384811255590569664
1159108946499033647
1436125497284719168
1283090279995784971
1419406939563382121
1227438465341025890
857850418857236820
1176547176856987466
1545758983896690369
1457813953424189459
1333162627853846592
1380730988834919500
1432429200875877467
1521523306793361787
1457874740418075304
1102244310321962399
1532688803978886412
965759971579317513
1463877510260496733
1349147099311170717
961743381776358634
1343383970950022101
1221050837829150391
1373965746142690501
976882062414860009
1460083903469678207
1531191567171296140
1242416973420283403
1246399756766055703
23051404
1056914486798263200
1539762322745937955
1431853936122447739
982512650053373393
912704610257096729
1412043154298997958
1054867562892706001
881578407408448369
1398595305109872193
1396365254545055915
696190766937514023
1380456674469376767
51156943
1528227562091343007
27575992
1515785041425161610
1494009819646416360
1409374437414391650
1252339086468205392
950455733878198419
1216517620088066619
1485401705525268658
1402047940379035657
1318610257390581717
1549061740461175917
1476796107365255120
1320854568972340311
42130852
1553412760871311073
1549066717395650356
1504022114712679062
1507183744809187157
1401922700807172527
964845836799775879
1091108562934374261
1299194367479033919
1518536366417268139
581075334568449300
1545648372450218907
1144618800454422765
49577714
605408165829187289
25560228
39309747
1485287533230219236
1154044068458770980
1212180817651448247
53678862
1480206646229132469
1364435052863739502
1462104462503979723
1502166073728575454
1541819216666644527
1541730881854677805
653282488741103926
1297720726207885760
50912269
1230193338335607789
879394588254343652
762713712091697648
737121863011361344
1476776708411578448
1409188048915758422
1193977465469391709
1485374062226513571
1196838888690660396
881876106839083656
1453799000667276672
1404537540301664913
1484780099822080326
1155561264282764877
1254266306610597564
1463616273069758596
1074629500384374715
1361664101793916222
1465789472727876788
713588301889935944
1265373997094200806
1457863133339734059
1315089610641060783
1095281837019227202
1003487570717732079
1407148527732625960
1009759972614890564
1528226196647446246
1357874743661871037
1413845699007404867
1336137868735868223
1429581427468864091
1550576673812799759
1357343715559055002
1312758911972814602
975932932030208141
1140378297884459333
1404288439900853588
526587182129258868
1349779977601863297
845705152537261591
1262168400688779796
1150650437591773461
1154022289087306473
1388131292361546690
1094057560421278894
1071735918093829950
1416196085794694537
1161318781198628882
1510886289938112290
1486665194827771097
1548574954017044280
1550559559074061907
1482005386468715143
1251871145081755462
54026671
755463298005866200
1443239071836273121
1177903673924760017
1202773445420672663
1543276103541427223
1188917855533242002
1525633341575513936
1366615140409861704
1444089059055030503
1418523797201948671
1419514596549730493
1265377522243217942
948302987744171730
1321572812724275540
1546253497788973332
1535708041881419588
1478324852643701864
1361621235606145808
1170740640821645763
1506564956212237624
1380358132174929473
1475246326103855699
1238426160366666581
1537546539995283761
1115973552513349921
1463002508126961682
1461325079562215400
912165033632813332
1200396679297164008
1439735672471025800
1545098790148039209
1335502777027082035
1455083983341768107
1460096652703875489
1339107964617293185
1460016061407938732
1527307073517347745
1384186885867641730
1516458440100856021
1362032228749373204
1381287038919140733
1483626453297283339
1049214993865059738
1044121451556070960
1533245546416870304
1433343002618560181
1294754717783243731
1146804963754786528
1071746347506973600
1159258011134315884
1520914937603308885
1100675728485349161
1283052652681780197
1309217129040465181
1549122420292556053
1183810711786432023
1312138284015425591
1423102782178736494
1420889340404982294
977374211917881465
1389818874510742321
1177217838075999001
603490990803741119
1184546710853916643
1542059262745100414
861987981523759764
1541186673029633882
1473012757323548516
1398630426612341108
905203936210133422
1441080209343210940
1371584346292629112
1390471798985700786
1482718564495108797
1498396022711384490
1504067862270713343
1495396969177335626
1267211193484411043
1304128451098435167
1377404853460103246
1487387879229114093
1374554462032217468
1492699488192320692
1483854644339507938
1246173121523018272
1424368493135940978
583761688173585538
1460001521394960786
1090162893254010187
1323849317245662926
1379626884733180295
1109896974003439117
960019895692591211
1538449349585398896
1383820742793954216
1497590731680733445
1493558741483121001
1289677471454169201
1169540704420123143
1183446432916301146
53746373
916383800546401088
1469622790052005175
1295621901630023191
1394733795783912367
1287343277808457507
53084399
1297662148370146663
1356303431686554423
53157241
1078683721000145537
1520815233334234314
1162068915439914741
1344887839652778477
1402039655950772833
1135534073417209587
1442615907997080696
1373703613442923863
1531145974199875502
1516798530318956799
1338355762072326662
1121475445479782849
1417165939242142749
1419640325411424350
1546382695059204752
1191062074471790236
1533843866569007156
1175197015963602748
1295375508284015107
1419381274070884231
1415072955490637903
1534643506910219442
1472187214963739588
1397145586479242112
53208086
1086918525123798298
1401253746184014462
1508584561779427689
1292117644155106549
1324756930220100319
1032711581147796951
580207191170250547
1416630909537765514
1005688563049901570
1037084503282575245
1531253205419207876
1312799548426133054
1462911662125712068
1446066819600149669
1480197558684078149
1542815090252939787
1530379178931545811
547396793477470945
1379452338928972898
1360832977499832920
855575405579825846
1478838850663000799
1320782336468275855
1553490414372140928
1417228663048311871
1546545457577903257
1405002688775015681
1544253273980589541
1061434025163669178
1533222433999374842
1492026327208934771
1008439883024839121
1526547929556477835
899797209476815090
1407143010133592871
1299671620569430697
1138793497028987457
1543874555300309411
583777823989117006
822288206270751497
1397739718792746188
1552915016719936840
1295714701930338211
1490232577593951256
1315003896803037487
1368552029865944406
1176612410938419964
1115726132295932831
1318684622801043170
1510826474869557242
1410818940894864419
1549970314745621250
1556005205056721875
1209860423643445609
1313596915131048601
1524417946697996899
1331792846288433109
1455593625127942624
1538602274509150630
1460878205449350414
53855737
1225973218395906547
1014881830175472572
1261679373769575311
1553651596861321040
1322477180715313173
1381837756869007915
1301937622211715611
1302069326032849464
1532579262754514801
1465104267857669089
1042619573417401935
1360740026977451678
1539990611884727093
578518738125221337
1550564843669826238
1320752179994324470
25560232
1050009448493303515
1158644557229238304
1374451340853824560
1414950819457151731
1544027266879257676
1487836263737055321
1521891736309387812
1490428497483151799
1309202319680972744
959323916092438258
548128749007486123
1490427065104945876
1422996624268141118
1475266285816211468
1477985929084147280
1552231511771504452
1205115818030572280
1120153865972374031
1083456166364695044
1436042093065197037
1458646683811870228
1176518416677885028
1447815211560676239
1508531016972532910
867089664544370908
724331066469112122
1512980615686078783
1523108100004385885
1471446111084651147
1120109999268085529
1121542610218499454
563419462286012332
1157748278739484591
1087767868950983150
32945805
653401834376295086
1489025830710013138
1528251646760746368
1130976915029518436
1505796441518805905
1532238784571124310
1310057356628479987
1085612987068298582
1542944785871324269
1125401796277373530
1270048731761796713
1399129406397894917
1423122860150979134
1500069880315408222
1450563874454230801
1426285084186445424
1235587305373756305
967060600722279359
1254220937586565519
1176393838599989802
1091149194216271675
1516544736097661674
1442728005873690624
1057224121773043186
1389196025975232221
1530180272779478582
1422412442159224022
1415113737294741668
1301166401134821165
1513007917654491723
717204334251125169
1111440997366620194
982994149155611239
1035218842537035688
1553576967916164836
1501250181335558412
1195394595237034666
1033842454067148444
1474624006680737750
1147918640369499349
1399845128733388317
1396945551930958703
859109782156859967
1425200202221729964
51781985
1294814794049735739
1500985807136774456
1300709448946756297
50259537
1254252022565720629
1436093656382037064
1380341233975222848
1357832016128057696
1404206184145775458
1300632365849094616
1373137827059459603
1485797105688660325
894910829503622675
1472666177655134713
1202601439659555856
1302633656554822305
1090278166087387476
1512227382675499374
1346025619213775141
1373914415911730293
1254117174770386993
1425415252511607422
1518011462905694177
1341215896727848830
1470324760059703110
1262482347320056824
586676410728802739
1415834779898311761
1462055200002835055
1073140204855120026
1315957098837328622
1162198003649788202
1373763880617164546
1123090441605584604
1178239163127506086
1493292644730684692
1242892475413988439
1465726284230334480
1391205452628055973
1322450476209637475
1512161046049465204
1552079916901350267
1087580318557384096
875761325676350336
1500490862838483824
1522935989362361229
1406991086115506156
53962591
1549915218579158014
1304514343026081111
617445522445428163
1313666579932684288
1365188629527591022
52545071
1516084955241679843
1368660433882480236
882518483657003263
1361356682790221059
941875114154799504
1531853046389439333
1462886877315442089
1450706365105383405
585956876451166886
1499881466651635536
1004874227187191158
1320853263368604665
1371671217366107759
662151676787376026
1399257994087073364
1529069043866888650
627157053287248904
837465214513176824
1551422148683482460
1410092303740850720
1397196690083053532
574212366614733400
1535417104361806464
1476027745530780580
1437453423547381926
1355897162134214305
1442025036705366408
961777113544556115
1486921212186699082
1449943522173444960
1526867308114144169
796067217137572381
1510051938668297489
1106474428532713667
1197657464922261273
1542960565492875801
1160704213278043847
1378392102208550529
1539186774529977505
1462375297228388094
1556447491964075936
1452140836343779720
1422256552461269989
1507734337613698864
1389030135380337415
1518809713363282997
1415761656938358033
1471764607343638474
975933010378346552
1540479859864938266
53605782
1485425171870668822
1168938696524351311
929112237040689705
1493502891340809040
1420147634461305230
1023928129915645041
1155464673770181068
1513573372911029900
1142520141710324774
1152658685074346019
1493241901553867911
842555155822586535
1436192986634552318
1366628415204701323
965740366477278089
1014240248511144981
1259285794664810129
1345373271155130385
1094960706506051553
1511507521085762316
1514988379247347955
1432571738299722406
1215083734005885739
1350690799601116232
1421130448001373784
1221633403732001834
1188389711790371354
1528259819278352989
1324668719798599441
1543963298810025862
1294335724077754700
1262056819023122146
1298603414927086942
1521904704993181922
52080866
1490718255821098861
1433244798155793878
1396529195912506708
1554227942381867335
941869359957367048
1087858671943765047
1136645147068368693
1152041492217706770
1374126994500178569
583701041980352851
1457166371035534884
1513649419670661136
1292103032942744563
1492545309717532887
1475866651385675434
1436047210707539641
1280549948893512246
1300577602254925513
1484620375351553895
1196828580995336630
1477447941864584049
1496347123805790144
1298408463843400119
1154134151729385758
620738766143860767
961776183215084993
1153620670787620471
1297018533980585827
1418589939076059094
916457862235582509
1212907828137817390
1427479290951056185
1443442833119404458
1482270827455304499
1373906841874487041
1040941889121136816
1518945322998083812
1176625177653325777
1193936495634863118
1551333370556191569
1441883058475376013
1257948308991494483
1446565286676032710
1507319038533217899
1482080169368421919
832557939514013027
862034025000130156
974360448110171310
1202830738643746487
615542274036266242
1142832985247434707
53838784
1082316694202847056
617176799434585385
1543392147986546443
1523730327903640106
1491154977060628661
1439085737526549976
1438379967466592620
1061444663785249786
1538373417862850483
1312747250346311804
1291230677737643340
1452078325049185654
959928691415704661
1271125717227259734
941867394403544856
1187807789644148471
1035908457588483068
1471510006308822422
1374600456204180468
1316868355095561410
1313739973373391105
1446353730710313589
918369816947171320
1544184556106623164
1314415947232305609
1483631775706607810
1379119332681515125
961740805962626461
1085274458640666476
1315978184168429897
1436089331683930821
1274427893504686941
1412440711591999406
548852505997216223
1304878695114939430
1321714657913305113
1020857867190226631
1363555945596142012
804728044824096299
1075120983109014362
1422175875037635371
1287473441182683675
1552350786786427193
1291224008300497471
1372338619372701832
1321541487068135173
1510735897404969976
1553400820523838586
1031249955300369168
1287047272968491235
1464988318291507958
1496945945202652763
1363627368256967351
1142457653411911210
1242246074566034926
1454828246916143338
1222200056132452455
704163043454639260
1307847986804215580
1055759178814729464
1442863529770493611
52644004
1350789687828927860
1282487398814171738
760456632815136935
1349803067352971441
1267348887079038715
1288952291849779967
1536336059008115998
1338263728816979095
1269373644663014153
1448297049450261496
1526273530932902694
1077493279975567321
1314316224998196762
1304237319111501068
1472429833396788574
1344284981910247264
967455490059272474
1554335400350560128
1550524414168348928
1368787362740286063
1414410847305731273
1093578441245119386
771456388908837291
1304181281586197317
1546958774354661951
1317894474602842815
984606112811845667
1421395435032437104
1414363327031749760
1552383024543892096
1541970129208455663
1517274037141756699
1551332655853702859
1295139990836596186
1534118729687795820
1545835084866027276
1261460522407300991
1349157066632214750
978094366675025805
1550066190727970198
1150572482787709057
1552784717255007982
1337428202132078714
1278065242560336715
1431702944209691970
1530932937915419249
967018797760840452
1247903350380885697
1410077112977293003
594126812555541066
1496898719158064052
31457273
1251542696169935425
1128726195156061931
28921542
1270203262682814435
1485486188831486934
1336073396163408539
1357825092686466826
1461015039118839493
1145684650772843722
1134805890639326619
1038837541262831445
1547537767052087799
1288249057204965207
1461737842315190681
1031660427689829216
1520259339066582973
1524843267052478271
1489098820084634538
976468245424240129
1378134656666206618
1339814933806641402
1481017868643362988
623204311052948459
1342590001844508527
1283136961529609506
1529422341599654635
1528906735427368797
1540487566561871003
1497640168374984857
1289615240407130192
1291101978184579720
1417883456422850591
1480463296769768877
762727962920720322
549560531953879384
1249968161095176802
1420993943004116342
1357052729787944079
1472314704043431136
1156199503047890536
590133395106245722
1344911169458824950
1528688381021262618
1383684537378963371
1294017666005267804
1227450363490238251
1162469417533846114
1383848168139237881
1280242279197934199
1465098064061851536
1380409091428481279
1508438136398534490
629527700815310654
1410106693533543923
1396275764967112535
1438549049799834990
1373483198142402977
1320793571721446751
1460666742508039405
1022546616746692245
543039213761607844
1412421726637262189
1341284333899126847
1300465394304217984
49033046
1196061502747438593
1310013491024021828
1293349085504413491
1347197039511983455
1402587581801921230
1497733107248769008
54050216
1491283724221153442
1370207832263864039
1462466814180786669
1332407577258213543
991724471654980371
1520223507374022880
1420005691899335189
1529124866245171019
1530893166278771048
1123017725840806753
1258347502136383840
1212146825277736395
734415146086610550
1252742023394905538
1525218259220607320
993876471379063528
1317134786646711265
1342702460143432259
1366746491282438428
1546251849336773991
606997798078306244
984667733881022166
990570279760621514
1553030757657972348
1375180964741036553
1546191763559473401
1278097087647644527
1352197432293196722
1386900166435419829
1510751632232386012
1478934353059280162
1545615847403504511
1499765168057452841
1313520793687736393
1371065683915851150
1263982231668037139
1384884004030849988
1267829749815166371
1110174953711446980
1444936850348413967
1547190269131571532
1532049850747064033
1519471553239709581
1544783482615997180
1519484379520501653
1517155152943105881
1510719700166933177
1533823686411363774
973207761635676306
1544011958193778486
1231632935102005276
1235355136449088581
1470132498874912264
1120213432144365262
1281747176671900319
1355158469830848672
1162110891589470530
1530644649812392988
1310698582958282440
836025982344752609
1439644448557861456
1353661532473567885
1449142198625487549
1478153479192931661
1531056354302436363
1446340563817070622
1549629935970036257
54120925
1113687324402003337
1457309183375119300
1555103512835542856
25350530
1415740043434325651
891914108306449144
1356281842863551599
1547122914326202008
690216832342274464
1483196870715101289
839515030219832544
841784568221082570
1543500097974382824
1266848007505199416
1552042224642451401
1491249630690748612
941860992278686028
1547790555262204131
1424382734661896638
48020492
32116582
1147537527624916704
1489105405671373490
1460877834152071661
1410140147388793535
1279507865208493089
733905726585554985
1409953182122615338
1236230435967565338
1468655008054519284
1030973388372814243
1498396291809678326
1547826193764943246
1517542850755494812
1501205919953420975
1097799179106305653
1208738719338046796
1555242938411337896
50181980
1494003890305756660
1452059266456527047
1320985619436590232
1370099039873796298
1471696787189022654
1412280821805973764
1049873866106070842
1457817472641283974
1504275606946950501
1412394553369888660
1397637935587493242
1545183015161470401
1432628503914589161
866702480724819744
1102024151377174270
1462209785603296346
1526193521078920536
1538336604761729450
805572984246784780
1440353383284656567
1353339531547435880
579014800176817741
1539869304314890101
1118230900281460747
1495036342240974345
1481513752246812535
1521096752206845577
1233277593198544838
639529378562762876
1083457526050698389
1254923109691764434
961644950382513088
1046658243594013462
580424214567298415
1268635919756986276
1065167420473268475
1310051193847910895
1524582261637951961
1472709061760778593
1041111084054505494
1518685431631372488
1386233280987157417
1368712731612956844
1394735305237970421
1273002238871955985
1543611757810133272
1401462535508481460
1343490330465314630
1423865491676017205
1445635809417819321
1295094261549976859
1416468747568158719
1527309866028443092
1537532803269218420
1282758397947502842
1531345600870144332
1275383325398203317
1511369999628222109
746747099855193773
1497159248721507022
1280173486939945992
1065598747631423773
1409924554020079852
1427547983524670358
1242755486141054451
1392488567898662049
1333959318542577688
1553011461965421187
1439702695839300609
1497058319639435121
1244731149032705058
1237252008686008832
1478376644117008202
648914222069902025
1525235277219763036
1319420009204392545
1290352188350738397
1440620959559740207
1314542165024541303
1401468621627836900
1244242442512848913
1421123282954075286
1009825141213978133
1330503488397595526
1358488570365063698
1471077489443950552
1171473091520746036
1532342520647948503
1320383941645562499
1132465289964867490
1444930862283069235
1542233513532750023
1390395740992068295
1381768542211358167
578580986485027619
1546325520899735244
1465953888649352780
1434788494610716201
1399853606047345944
1497955452741236828
971662382169733696
1436183443318798063
1488615901381159877
1265128104766803127
1451986864068392438
1370956797707431472
1487767768558940908
1492545842114226818
1547195641769326709
1546391090954214922
750267682585440270
1421839859148150881
1320777328909864888
893216073721331955
1054482892587850333
1314977044815042547
1537454459317133603
1551535404689702526
1234718081663946363
1520966020070750277
1064217118724513501
1087518386019662186
1264588172822109887
1526893633071791345
1109234917908210505
1092617780028412644
1296877087375231632
1422463743171120324
1258535498229945852
24097971
1471567936675196548
1523142003179660401
917712522030006468
1425272116361112311
1378361525060330755
1535441700371565810
1076009506399797631
1477399748064366944
971666433504836249
1279034427030973456
1359040351123564588
825770664345500948
567386985418537427
1332487494218006700
1265639541511362663
1468049915058202138
1514312832615069141
1293307408323325045
1528189874266434996
965667620743386774
1470815899539858518
25560229
1461603610692796632
1436792751773850270
1123677273481999683
1513709778711744787
1019559308474229132
1525968603487462181
1538977748376814906
1485442420027247286
1555289995686344325
1204257717172816767
1089698073235215137
1360994573369517843
1483013123807517177
1386045759443465674
567859334304972758
1459736702550676428
808433431759799220
831630250597827931
1374122018834399328
1521084716181760278
1441043105139360132
1350621782248117590
1122083680565958866
1526230962773368732
781484573055760719
1378773442245518645
975132728789520981
614982195222403613
1210710611787245321
1427474444020580704
1465833206418877294
1313674480821825171
1514988634634233772
1377510329596432530
1541793088706483291
1497965009621364516
1460169063827094853
1310092797258855789
1422906785932050364
1279509573098257582
1538411715391160623
22625863
1384095961061871704
1003254452193276505
1440510854916988332
1059847892651923168
1477426521189082479
959893648902651114
1374606096488097012
1480178557202780387
53713157
1157832456422378410
1339655547630948211
1126584979812570094
1191053995776570584
40491878
1207725696270137764
988292945417185727
1549183212728687705
1365035829535383722
583761124662646877
1541933443517006809
1244068218494201059
1470175325067719829
1052052177981555776
1553752886189204019
1091125939202918702
1021725211703073886
1515712856906344628
1360014722634613163
24864340
1143956226840205575
1223678175108593855
1259252488768784522
1204870838520381193
1542693231009971456
1510821192408499852
712064950082703717
1318679315328487585
1506307043657418205
51666180
48908404
54053125
1545495849481220487
1069446444253994823
1441135740371614553
1513018014306750999
1520840813181520865
1536787426336942099
581845481978175414
776906916327496021
1296953992930829325
1519347220889077334
1502071430706646830
1526269005724276586
1515127418720219389
984656043283448878
1538322480135414388
41173500
1291480588562082273
1368752479075530594
1243246862572018666
1518644668638600124
1314456242605702243
1297718382979391415
1510084759988391781
716239473634532319
1253445760966767619
1493420310424959355
963632514421804092
1544261639899601877
1399919513773533373
1252201675305478646
1219324333137229424
1517875395688620746
33299558
1338376581266983645
1518676170534685416
1507199813154603215
1500750053760038957
1543260701730031118
1150484817374699871
1007715359988981242
1402076739189071959
1417216105051682496
1046165275039461817
1415205088988162937
1196391107984268634
1491210815716787888
1234616986835064332
980162179190283332
53655434
1156262419592525757
1383574267716542073
1394206120587932982
1286037339471635168
678223198667926895
1273381470117271352
941247198740396145
21614102
1235913741694806978
1471758365979139452
1510236772749948296
1471176272095511590
1497537266722269450
1230917506366548694
1549217217833909480
1463024361723218762
1516889530965339287
1414286977298572639
1538550818058879527
1524112056827862647
982527855767150184
1553630601417329970
1389665235622237651
1004150164829064654
1251848152763432088
1506317726812978514
1415057882745177612
1492712543044046200
972868613940073730
1508643576805236321
1374416530718234244
1390875232943593132
1528766976633164919
1484631658723907736
1452145854867389593
53579624
1104927773900642295
1369353568048441318
1470225391937608626
1163784625216329623
1488682355710640997
743483415262867893
1536702769664580544
1553004403238856417
54059533
1502631677725374256
1548451099217111697
1496379350019052839
1124266286216957209
1521615188220447568
1484632169258780350
1301969476040199684
1367254711008149381
1260821014631405766
1543288051592181988
1490445462425066563
1452872181667944608
1474630535512192849
1492100714429168674
1549081732375860146
1539112684441629130
1374403835311225906
1237685759019224198
1496283949695604700
1399792003539083905
1304008234442882573
912661644340975085
1246360371333269240
1440564253086360077
1527479398609578085
618294064718838227
1480424272367551602
729566805182594311
1556995230179005343
1557124323455200878
1139658441978915291
1447805429373884677
1404261498162447045
1552315643173610623
1252168379175739936
1487967625388990213
1530194903042123602
1532740166184241234
797061612816118247
869974974930839962
1512135304952555241
1415258931702984008
1354939225905879549
1474390042747078089
968647786471208874
1380349807931968902
1497930550382350598
1264208521145252779
1439808836014794739
1444928060715851216
1538297473617356478
1548567416114873886
1479892644392537593
1555963240007146526
1039541139414549454
1544000147815809875
1552732412021415426
1528224953824256723
1405830916474313153
1541186423159035001
1508484502103774731
1163020984434810814
1533609873631527292
1374452926234016672
1542569808783224047
1412339339792321836
1430281260118332879
1343251344576522706
1517322056175059575
1281909864592547055
1553426554384874743
1539808169886949686
1520868918526656762
1258704622594505554
21130209
1275215219200263422
1544232564862258106
1464603352731290907
1014140072592218796
1487887598759002805
1323972521531768831
1033721125101245451
1328252099404175616
1507887346473890803
1510799576250514633
1123820901957503954
1496947334370422865
1549248342403630306
1050588770419354768
1523099046961752411
1333179573059671241
1114919155802617679
951252149719765414
1556673367982764851
1407147836981401308
1423637965499671234
1175833032194419425
1386785043770583191
1500716802631643689
1528211298019218580
1522473065584163891
1495564917798919759
52327474
1450047124769282560
53672037
1446289801660671735
1101989338889876509
1487780439651533028
1151902107109734399
1274653150986975544
1237405018714093335
612965699591397855
1234467440217076146
1488993690742367988
582974599830724444
1552624702256780770
1485417599961552961
1428048479906026227
1120999469359080187
1544114111658431924
1310098487644197558
1556304083285416397
1536303973201649014
888744867373865979
1120040995663831219
1526246013694174582
1403340995032606405
901874102789268382
1237526018880906684
1147822177830591330
1467076832642626732
1433083737184775770
1473858497556586643
1493561949456188653
1556453426704158614
1514567233125013830
1259969703678572233
1009254583318069604
1182591889392650411
1293295893651993380
578704721646408833
1541146857810403826
1543709688100638468
1526683014179369402
1523658998699707195
1301587747818283663
1408944791769039198
951123815534716078
1096327573090478334
1517245269188324166
1283218012976420625
1543985341789723869
1548245034333245106
1171667425483919675
1518140837990122047
772796622377014239
1112037004212370543
1136728517423430399
1037452542286831809
1549341709485861647
1510937938838455772
1360623722797014842
1553381483551772140
1373712183753826807
1160690869135596261
1038906213627893892
1064193912844469339
1500539166460374218
1301969539383188501
1406339109491943634
1429612935892962895
1376172807709451962
1338910982027684235
1536175444140408820
1459978085318098438
1536169759948417196
1537949856538439546
861418602450519053
1373972631405982667
1450635732971067440
679279117291453706
1176484600757419645
628222858095547069
1549235884982509218
1552789677332282377
1498533773459989799
1457803828548052701
1250053289136065221
1489917472473204645
1317887636746382423
1477537437823341327
1548420500068035356
1358639349584986964
1536697260952601391
1537751781951748776
1209972693166387294
1315893649792428346
1288490586990355917
1247539158090307143
1375514800263502129
1434000897992622345
976444601964121324
904811995482052893
561290511366076364
1060134474799970965
1430365507895392682
1455083577749949654
1466445037091507567
1025878453052003406
1527641026454949882
1546334923152152977
1451882074225246279
1197052751999715716
1539243981416206597
1182391307890134252
1206465105199507833
1556474476684268847
1528141919276288852
1305055761197645098
1081606334081784171
1155818919082295778
1366894183168812701
1264530733554951260
1415862043739669949
1429602058899062057
782203218337218480
1478052135433181177
1539890593078480162
1354843371092998521
1224569848796021669
1550054142176039118
1314391106475206946
1467149680897569887
1369332579520328368
1497757210380503909
877501504715086253
1290670650798397825
1498285212829967872
1442671686580042523
1526183429351677243
1262115458725751987
1517871490293444477
1372492638935195453
1309172031755418502
1313080530796209316
1513509892890148759
1418129194775066105
1557191390017122017
1285439517380761935
1368765302529674219
827931898967028971
1074603954609320786
1518812868636053640
1487445321855725742
1307910496109953424
1544185559432795805
751835624714589187
1556352815453303640
1528291267764852547
1485370699316628316
1447578511951299175
1541892353214470649
1536872807419968153
1218814407614487182
1508515947813081913
1557187880912840834
1482504960440655311
1249161610109874723
1328142750804593424
1343969139812850266
1191101045185684941
1541193527523891558
1165317640083876478
970807642702714053
1459956516545835605
1229670251694305444
1517243844398474329
1509945863576268697
1267860079928792530
1551672757453381405
1250033073495423350
1499225512056760226
657055294341741615
889686687120782897
968633225365769534
1150680632459965105
1125065370763688454
1237253887162125918
1530981848907651022
1549055963803411481
1417350932580680115
1498652298315236475
1314171062929122170
598110251229429795
1391048256954529516
53724852
1480377596057973430
1299965578159255474
1523698213157130522
1325109654643148820
1514566794921590176
1022459582653429585
866582460892752790
1556630148565850157
1533251829717467718
1001509658163604983
1490603986785442230
1525283937477124103
53981010
1258084256592446746
1481116974016475925
1415639076274249350
1512942410755462102
1414263364932959432
1263610482536188863
1530826843128015666
1180851670117269439
1528751678884173644
1209999978190648176
46166975
1208610900875904135
1487976185702486233
1156387056553311713
1553757151805998784
1418504016961649690
1547626734218630873
1420884591893378226
1049168391496861705
913420656425668286
1556387714732941089
1523894782563584009
1546131283187379771
1246176183557850627
1414304789810387941
1538328302465097533
1447722585313409911
1533202078856251024
53744890
1549913803164502918
1490416083309145502
1471566344755602931
1401268241016534803
943890413505628645
1200241272902543667
1399817513314482646
1394821606571874821
51396467
649028889331503839
1441020517038063005
1301969345207433525
677919677463365105
1143331562580914198
1301920554768862719
1307835369483629207
1447748142726839636
1360984933663080126
1513636006086015714
1273850931398816627
1193333523573595911
1300520177134237626
1539697980299820869
1556361348900713738
1533914373130236126
1547228148482493547
1478476271355992008
828027751559543229
669860527455156910
1549059445703598566
1290531286431673800
1507883533215413213
1366052264161148936
836675746869500173
1545695300511122428
1525292636545228834
1490428410967898778
1544197349201581830
1488216833026946578
956051436326993389
1491081098488701329
1227416887289949917
1549910757786274618
1166797050631123453
1302927552144230870
1556312267157612229
1386106340996820940
1556494059134570060
1556672853413012099
1088505668821164551
1523009261698459772
1540271912043064184
1540633894300082395
1537406976761864114
1541943838617305505
1283361915088771240
1259969935117691778
1513793229971739693
1083908868819488244
1169726013365482393
1269380375879154492
1362142274584074969
1067314327067152982
1111983299607036574
982996166243938747
1553552236759109480
1535008735482882696
1555569067963987606
1556857384268993417
1529505520851681093
48502727
1389184373211206467
891849149708864299
1538158358260464244
1489987333191361061
1523715354104133619
952306283884833606
1474525530186546644
35355702
1521735996975262125
1521161204714125953
1514966361864477557
1300004777876391964
1100438918065838161
754892681291552181
724024402372426519
1556661277665949676
1492561470342235862
1553570393854309993
1303695131102068545
1065636668689380159
1551631130202529561
1471626669947401524
1542109924873968706
1548497900098704824
1384706952112078027
1516702271111476657
881607903490025972
1507746457874908315
731279973816975281
53207368
1289745101013518968
1541064983440914882
1149677044124502670
1246920859289260999
1316374543851102519
1524744493233894651
1311451315383676483
1501230313069482474
1515884967994139260
1146259111119110838
1415109670493542942
1417130903615903892
1481802530774443177
1511387992175943935
1516032835592787501
1408715110391074738
1529437183694324351
1467829586401325842
1257665948719483398
697703017669455453
575759989911650038
1512089007867302190
1460680305931639366
1075866692909592016
1496992763153041552
1507741047636154972
1542759404016219430
1335966131374403843
1278118226823938804
1418794660087136697
1386038742718699536
1257022731979551619
1118130992413413732
54316845
1498513529304465480
918815342430919297
1447626938733103785
1541891370375908606
1331140820594401813
1512952229386278656
1526009003394206035
1528805094459482967
853035595538704229
695283939699728161
1541281343982016961
1430365812921956779
1490701280132834636
1071636747298792312
1197625199273475263
1120395761084049689
1135340803418483977
1449019883722605022
1328207933372095043
1271070270015387222
1537651360955971538
1557270536479130343
953588359785411970
1243272190394916217
1481665911573993112
1259363073169725400
1123720866207961613
1444678094774523875
1043878720519474297
1498480809762752610
1266816405994208460
1310845376776494834
1495527080017818609
1552281866710785594
1254261666202129325
913435098567544641
1031596507650419506
981706156681546448
1249889593288528947
1483155895875101305
1463776690515110051
1493648054436575698
1389832930630520045
1258084326078763560
994650465433353045
1127383447248201675
1353577357858909533
1530411100444323028
574131751331603117
1193429919126935677
1365016561962742191
1405831292214704243
1534927484809592083
688060212152298152
1491181466710965573
1487835258464154550
1116562103379742178
1539161600829421751
1413175302811105271
1434652209658900727
1544339180950110393
1487829722063529442
1337425176484842147
1539720145571402170
1510701476276671532
1543771361347005779
1471048171155443104
1320107575780703912
1557256378293261069
1393562568289537938
1121661448663206710
1536130530504480402
1025889706951926487
768652792398533708
1410833809482456681
973757506064456575
1529607162441666155
1232671953328020452
1466051002300981574
1554149211574467730
991129767813521302
1510721003069737431
1357854998825740766
1511145292234491560
1487822163472249209
788109719110488665
1126662723819920563
35854751
1281763056664297305
1424673332376866492
1465657313317858180
1454673206289010897
1508653436055779796
1409832185253784907
1556984536795920617
572819994879906541
1551317799532557178
1371578613544364260
1354344583898661912
1220766113607250952
1556787739689206309
1501934354954131811
1473699934915832431
1265099978041486267
1086938457509622946
1052134008197334049
1541871312583758166
1384545526254573311
1549230922233686289
1546323782457049289
1497761859624105439
1400654713024261699
1207798869716347357
1549215704315068207
1480513179204842488
1414413352130527064
1294815052670674164
1052794101488779613
1455958706034370943
1517150673168790284
1350631685678362501
866620446965190768
1084825660885916056
1302044707622338350
1245691057703107063
1512487644029720870
